tEst{1} = [11.5;
           2;
           2];
       
tEst{2} = [13.5;
           2;
           2];
         
tEst{2} = [17.5;
           2;
           2];

tEst{4} = [9.5;
           2;
           2];
       
tEst{5} = [10.5;
           2;
           2];
         
tEst{6} = [7.5;
           2;
           2];
       
tEst{7} = [5.5;
           2;
           2];