tEst{1} = 4.4;

tEst{2} = [7.5;
           2.5;
           2.5;
           2.5];
       
tEst{3} = [11.8;
           2.5;
           2.5];
         
tEst{4} = [6;
           2.5;
           2.5;
           2.1];

tEst{5} = [12.5;
           2.5;
           2.5];