tEst{1} = [6.5;
           2.5;
           2.5];
       
tEst{2} = [11.8;
           2.5;
           2.5];
         
tEst{3} = [6;
           2.5;
           2.5];

tEst{4} = [12.5;
           2.5;
           2.5];