tEst{1} = [13.5;
           2.5;
           2.5];
       
tEst{2} = [12.5;
           2.5;
           2.5];
         
tEst{3} = [6.5;
           2.5;
           2.5];

tEst{4} = [13.5;
           2.5;
           2.5];